430.86
158.34999999999997
494.62999999999994
120.64999999999999
494.6300000000001
128.91
494.63
195.14000000000001
195.14000000000001
234.2
179.06
126.06
204.58
464.07
204.58
430.86
430.85999999999996
320.12
430.86000000000007
464.07
356.17
128.90999999999997
195.14
204.57999999999998
430.86
195.14
195.14
234.2
195.14
430.86
325.56
325.56000000000006
325.56000000000006
195.13999999999996
204.58
204.57999999999998
356.17
128.90999999999997
464.07
325.56
128.91
199.68
204.58
320.12
128.91
128.91
430.86
179.06
320.12
234.2
430.86
366.87000000000006
158.35
430.85999999999996
366.87000000000006
356.1700000000001
430.86
325.56
128.91
430.86
128.91
234.2
234.2
179.06
430.86
366.87
325.55999999999995
464.07000000000005
430.86
430.86
234.2
320.11999999999995
126.06
494.62999999999994
234.2
359.1
158.35
356.17
325.56
204.57999999999998
234.2
234.2
234.20000000000002
158.35
320.12
430.85999999999996
195.14
234.2
179.06
234.2
199.67999999999998
325.56
359.09999999999997
179.06
325.56
320.11999999999995
356.17
195.14
320.12
325.56
883.11
1465.72
621.12
1777.1400000000003
1216.36
624.0400000000001
1485.5899999999997
1465.26
621.12
1485.59
845.35
1584.7300000000002
1465.2600000000002
1654.62
1608.6000000000001
1443.96
718.3
845.3499999999999
1368.94
845.3499999999999
1686.9799999999998
1724.68
483.34
1090.3099999999997
845.3499999999999
1724.68
742.2499999999999
621.12
639.7299999999999
718.3000000000001
1477.12
1045.96
991.49
771.83
1399.3900000000003
788.6199999999999
1116.8
1465.26
1477.12
869.0
807.48
1185.24
1231.67
771.83
1038.42
1468.01
1624.01
1624.01
947.72
1465.72
771.83
1549.82
1045.9600000000003
1549.8200000000002
1443.96
483.34000000000003
1202.46
1282.84
788.62
845.35
1368.9399999999998
594.93
1216.36
483.3399999999999
1465.7199999999998
1468.46
742.25
621.12
1771.8
406.70000000000005
801.73
947.7200000000001
621.12
1116.7999999999997
511.23
1468.46
1724.68
621.12
594.93
845.35
1468.01
1282.84
1185.24
1777.1399999999999
1139.94
1050.25
845.3500000000001
947.72
845.3499999999999
1549.82
1584.73
1288.31
1029.87
574.1
464.68
1216.3600000000001
1038.42
686.5399999999998
686.54
935.38
1894.8499999999997
1623.73
1663.58
935.3999999999999
1539.7700000000002
1925.3199999999997
1179.0900000000001
1085.4
1260.96
1780.07
1633.26
1395.03
1444.1299999999999
1229.41
1666.18
1770.37
1558.12
1154.77
2214.64
1656.2799999999997
993.55
1487.9299999999998
1879.0900000000001
1711.5500000000002
1865.67
1479.0099999999998
1249.66
1944.62
924.65
1632.61
593.83
1587.21
1152.99
1569.37
1116.62
1694.37
1060.47
1639.12
1630.47
1635.5
1229.4100000000003
1539.77
844.9
1639.12
1710.72
1575.52
1964.86
1787.57
1674.09
1780.0699999999997
1366.61
1175.6500000000003
1714.7999999999997
1623.73
1809.2900000000002
1110.5999999999997
1522.6
841.27
1487.93
1229.41
1510.91
1793.52
1921.09
1175.65
1558.12
1682.9799999999998
1780.07
1189.47
1487.93
1727.1
1730.86
1870.43
1483.3299999999997
1260.96
841.27
1037.45
1921.0899999999997
1606.6300000000003
1483.06
966.87
1880.7599999999998
1277.26
1505.19
1827.18
631.81
1714.8
1778.6499999999999
1058.5
1615.13
1193.72
1865.6700000000003
2016.46
1880.76
1952.8000000000002
1152.99
1461.33
831.96
1987.44
1561.41
1711.5500000000002
1403.4800000000002
966.2600000000001
1328.85
875.39
1459.34
718.3000000000001
1050.05
1328.8499999999997
1416.98
1483.0600000000002
1222.41
1144.41
676.38
1222.41
1163.1
905.79
901.36
678.74
1165.44
1165.44
1496.46
771.8299999999999
748.57
1337.63
1416.98
866.07
1313.9499999999998
1577.01
1112.02
1097.95
624.78
715.19
640.56
2119.83
1251.14
779.6799999999998
748.57
715.1900000000002
901.36
1119.17
667.98
771.83
1251.14
1429.72
905.79
1166.93
784.52
570.71
1165.44
1202.46
1809.91
848.4199999999998
640.56
1090.31
625.15
748.57
1515.9899999999998
1515.99
625.15
779.6600000000001
748.57
1048.28
1871.7600000000002
1515.99
543.18
1686.98
1499.68
866.07
624.78
1222.41
1116.62
1163.1
1515.99
1416.98
1251.14
1237.71
1353.8699999999997
625.1499999999999
743.94
1276.0599999999997
779.68
1119.1699999999998
1328.85
678.74
1116.3100000000002
650.68
2119.83
539.36
676.38
1231.67
671.0600000000001
901.3599999999999
609.73
1353.8700000000001
1809.91
1012.0
1337.63
848.4199999999998
1339.72
1559.83
924.65
678.74
847.33
1142.89
676.3799999999999
572.73
781.97
903.3
482.65
1062.52
671.06
1166.93
844.9
966.2600000000001
751.58
666.59
1077.12
546.04
1606.63
546.04
765.1300000000001
572.73
872.19
802.95
710.1499999999999
710.15
1142.8899999999999
788.5299999999999
499.26
1249.66
406.91
795.8000000000001
1019.85
1097.95
682.22
1837.11
905.7900000000001
743.94
695.66
1166.93
971.3100000000001
837.3599999999999
667.85
636.51
666.59
1110.6
624.78
483.34
1090.35
779.66
282.88999999999993
255.56999999999996
332.06
741.46
1165.44
667.85
743.94
802.96
361.66
738.01
848.4199999999998
813.95
1048.28
616.27
1237.62
448.3399999999999
992.3999999999999
1165.44
1165.44
198.42000000000002
764.64
1163.1
1166.93
1163.1000000000001
752.6899999999999
787.42
1165.44
785.59
785.59
363.02
667.85
755.3
255.57
363.0199999999999
693.36
640.56
1237.62
650.68
875.3899999999999
1237.62
636.1899999999999
509.5199999999999
448.34
813.95
162.18
363.02
1165.44
616.27
785.59
802.96
1165.4400000000003
650.68
624.78
331.74
1165.44
331.74
787.42
625.15
752.6899999999999
624.78
755.3
875.3899999999999
625.15
361.6600000000001
198.42
752.69
804.96
1116.31
755.3
448.34
992.3999999999999
726.14
1251.14
361.66
636.51
402.81
624.78
741.46
785.59
361.6600000000001
415.96
1166.9300000000003
737.28
671.06
282.89
741.46
787.4200000000001
332.06
1251.1400000000003
625.15
737.2799999999999
1048.28
616.27
303.94
361.6600000000001
361.66
1166.93
1116.31
363.02
787.42
1478.11
1109.32
1168.72
1374.9
1116.8
464.68
751.5799999999999
851.24
1281.64
1478.11
751.58
1443.96
835.54
686.23
1478.1099999999997
704.94
639.73
624.04
850.5700000000002
1374.9
624.04
648.57
1031.34
1539.0999999999997
1365.73
704.94
1499.2400000000002
751.5799999999999
1287.0
648.57
593.83
628.4
624.0400000000001
666.59
794.7
1535.3000000000002
1374.9
1019.85
1116.8
1058.5
1499.24
847.33
1019.85
1522.5999999999997
828.1600000000001
1478.11
511.23
1058.5
845.35
1312.1599999999999
1479.01
600.23
1561.63
1443.96
624.04
1478.11
1031.34
616.24
845.3500000000001
1535.3
718.71
1287.0
1156.55
1539.77
1478.11
751.58
1116.8
1312.16
1309.85
648.57
1560.78
464.68
1443.96
464.68000000000006
830.45
511.23
1353.7700000000002
666.59
1539.0999999999997
1050.25
845.35
600.2300000000001
880.41
1478.1100000000001
835.54
616.24
1500.09
1443.96
880.4099999999999
1452.17
464.68
628.4
600.23
1058.5
835.54
1156.5499999999997
648.5699999999999
1281.64
1443.96
666.5900000000001
2004.3399999999997
2279.82
1880.7600000000002
1964.8600000000001
1776.48
2248.12
1964.86
1862.45
2014.72
1971.23
2248.12
1862.45
1847.26
2072.18
1849.58
1880.7599999999998
1727.0999999999997
1964.86
1944.6199999999997
1857.04
1944.62
1847.2600000000002
2279.82
2032.23
1964.86
1776.4799999999998
2279.82
2073.13
1817.7700000000002
2014.7200000000003
1694.37
1780.58
1862.45
1862.45
2014.72
1694.37
1765.79
1880.7600000000002
1945.95
1765.7900000000002
1780.65
1880.76
1862.45
1780.65
1847.26
1894.85
1960.9200000000003
1694.37
2248.12
2047.0600000000002
1720.21
1987.3900000000003
2014.72
2063.98
2248.12
1897.19
1971.23
2214.6399999999994
1745.09
2014.7200000000003
1776.4799999999998
2032.23
1749.31
1944.6200000000001
2032.2300000000002
1857.04
1862.45
1807.42
1894.85
1765.7899999999997
2164.15
2279.8200000000006
2032.2300000000002
2072.18
1849.5800000000002
2047.0599999999997
1826.08
2014.72
1880.7599999999998
1807.42
2024.2000000000003
1809.91
1780.58
1894.8499999999997
2016.46
2004.34
1852.47
1809.91
1807.4200000000003
2014.7200000000003
1737.8600000000001
1807.4200000000003
2248.12
1847.26
1880.76
1727.1000000000001
1862.4500000000003
2132.85
1720.21
1944.62
1423.8600000000001
1171.68
848.8899999999999
1809.8300000000002
1584.73
875.3899999999999
1277.2600000000002
1189.4700000000003
535.67
1077.12
2030.76
1522.45
1847.8400000000001
1745.18
1577.55
1921.1799999999998
1663.39
1851.7
1807.3300000000002
1634.13
1345.66
2162.03
1649.0400000000002
1915.7899999999997
1656.2800000000002
1374.9
1691.6799999999998
835.0799999999999
1881.3599999999997
1419.3399999999997
1662.88
1548.8700000000001
1996.18
1092.94
1478.93
1952.8
704.94
2015.18
1779.92
380.88
1894.85
2073.13
1090.35
764.24
1295.3399999999997
1793.52
1889.7099999999998
804.96
1589.65
1475.4
1454.47
1585.02
1077.12
2030.76
1632.42
1033.44
1606.63
1972.88
1394.55
1842.2400000000002
1434.42
1152.9900000000002
648.53
175.53
1313.9499999999998
1338.3
1062.52
1987.4400000000003
1423.86
828.16
1447.39
1372.83
1416.98
499.26
1485.6900000000003
1612.43
1827.44
1796.9800000000002
616.27
1779.92
1396.28
924.65
1503.98
1809.91
648.53
1447.39
1452.17
1682.6200000000001
927.98
1785.7199999999998
2248.12
658.14
1077.12
1313.53
1317.33
1785.53
1913.87
1300.1899999999998
1013.78
1282.8399999999997
1432.75
1810.37
1593.1200000000001
1755.18
1858.3600000000001
1897.19
1839.6699999999998
1737.86
1372.8300000000002
1746.74
1314.3000000000002
1202.69
1203.93
1416.98
1412.1299999999999
1229.4099999999999
1447.39
1490.51
1395.03
1605.84
879.65
1575.5199999999998
1720.2099999999998
1276.06
1269.0999999999997
2159.33
1396.2799999999997
1803.9699999999998
1419.48
1915.79
543.18
1502.49
1228.94
1092.94
731.2799999999999
1443.02
962.1399999999999
1300.19
1747.22
1300.19
1050.05
1282.8
897.7800000000001
1915.7900000000002
1116.62
2013.21
1871.27
1090.31
667.85
1696.6499999999999
1671.23
1356.46
1797.1400000000003
2159.33
1559.8300000000002
801.7299999999999
1682.33
737.2799999999999
1639.55
2000.19
1745.09
789.01
738.01
1345.66
1569.37
1285.23
844.9
1682.08
1388.05
2030.76
1793.36
1819.41
1114.9000000000003
1797.14
1394.55
1447.95
1806.06
1905.5
1705.24
1779.08
1037.45
1758.56
1871.27
1569.37
1624.11
1497.46
535.67
1013.78
795.8
1248.46
1951.77
1996.18
1361.3
1485.59
1222.6
1525.26
1662.92
1719.3700000000001
1338.3
1793.52
1543.1700000000003
1386.33
1989.13
1550.04
991.49
1568.4099999999999
1423.8599999999997
1699.56
1606.76
1951.77
1419.48
1780.0700000000002
1691.15
1489.99
1653.6900000000003
2197.33
1968.4000000000003
2143.74
1539.0
831.9600000000002
1116.8
2337.73
1971.2299999999998
1894.85
1302.97
1785.5300000000002
785.59
431.17
1419.48
1447.39
1120.22
1154.7699999999998
1077.12
1944.62
1980.99
1682.1
2090.54
1921.18
2097.69
1746.74
1501.1
1691.68
1823.47
1468.01
1967.87
877.17
1279.3100000000002
1776.48
1779.0800000000002
1858.36
535.67
788.53
1879.09
1624.68
1770.3700000000001
1899.69
1682.33
1843.97
1635.5
2013.21
1110.0
1752.0300000000002
718.71
631.81
1699.56
1796.9799999999998
1238.04
1522.45
1180.63
2030.59
1645.06
710.25
1603.8899999999999
1776.6199999999997
695.66
1248.46
1710.53
1759.3299999999997
1832.3400000000001
1477.12
866.0500000000001
1019.8500000000001
917.79
1376.59
1421.36
718.7100000000002
1817.7700000000002
966.26
1110.6
1765.7900000000002
1506.3800000000003
1050.2500000000002
1745.0900000000001
1260.96
1231.67
1560.78
616.24
1408.25
1215.96
1702.8099999999997
844.9000000000001
1394.38
1048.28
1885.8699999999997
1466.95
1492.02
1793.0700000000002
1603.6000000000001
830.0699999999999
1918.89
1705.8999999999999
1152.9899999999998
1396.28
1671.2300000000002
1624.11
1238.04
1777.7200000000003
1682.6200000000001
1659.5
1628.66
1443.02
1682.62
658.14
1476.4800000000002
1345.66
1612.43
1189.47
1645.06
1770.37
879.6499999999999
1468.19
1292.77
2004.34
1707.3799999999999
1276.0599999999997
636.19
978.1299999999999
1837.2500000000002
1625.46
962.1399999999999
1775.0300000000002
1485.59
1260.96
1625.5300000000002
1485.69
1439.1700000000003
544.12
1113.16
1758.03
877.1700000000001
916.02
927.9799999999999
1842.1
1119.17
1292.9300000000003
1785.72
1587.2100000000003
1499.2399999999998
830.45
2079.14
1447.3900000000003
1682.62
1851.7
1683.49
1497.4599999999998
1536.6
2098.07
718.71
1755.18
1589.75
1724.6800000000003
1384.78
1760.0
755.3
1603.6
1666.52
1917.5699999999997
1903.76
1501.24
1628.6600000000003
1449.26
1759.3300000000002
1673.7
847.3300000000002
737.28
1345.66
1125.36
1628.6599999999999
1793.52
2159.33
1515.99
1116.5599999999997
1110.0
1282.8399999999997
1516.43
1116.31
2016.4599999999998
1807.67
1831.92
1269.1
1600.4200000000003
1483.06
303.94
2080.0
1372.8299999999997
1600.42
1674.0900000000001
1961.96
1842.1
1063.4599999999998
666.59
1285.23
710.15
1716.13
1757.81
1804.68
406.91
1412.13
1722.4900000000002
1476.48
1569.37
1458.63
1077.12
1897.19
1152.9899999999998
1633.26
1579.7299999999998
1543.17
2079.14
1643.6799999999998
704.94
1593.12
624.04
1633.26
2124.16
1832.34
621.12
1682.1
1179.09
981.7199999999999
1807.67
710.25
1593.24
1770.3700000000001
1589.6500000000003
1951.77
1765.67
1506.3800000000003
1113.16
982.64
1745.09
1444.13
1623.81
1336.7400000000002
636.51
1092.94
1516.68
966.26
1775.03
1365.7300000000002
1950.3
437.40000000000003
1815.0199999999998
1485.05
1839.47
1556.78
221.23
710.25
1724.4199999999998
624.78
1154.77
1462.01
1515.99
1682.98
1367.6400000000003
1872.4400000000003
1353.9999999999998
1771.8
802.95
1536.6
1535.3
1285.23
1543.17
1505.19
1618.13
406.36
1203.93
788.62
1421.45
1603.89
922.69
1183.74
866.0500000000001
1045.96
1062.52
1638.66
1950.3000000000002
1875.72
2072.18
1387.17
1952.7999999999997
1897.19
1030.13
1220.35
682.2200000000001
1116.56
1513.04
1142.8899999999999
1839.67
2124.16
1513.04
788.6200000000001
1630.47
1267.98
1661.61
1745.0899999999997
1842.1
1107.96
1809.91
621.1200000000001
1501.24
1345.66
879.6499999999999
1696.65
1344.7099999999998
1659.5
1724.4200000000003
913.2899999999998
1389.11
1510.91
600.23
1624.68
1376.0399999999997
913.2900000000001
1865.6699999999998
1518.9299999999998
2159.33
1209.08
499.26
1203.93
1507.04
1900.18
1718.79
1701.2300000000002
1339.9299999999998
1492.64
1628.6
1649.42
1438.41
1438.5200000000002
1930.24
1372.8299999999997
1556.68
1447.95
1625.46
1792.3100000000002
1753.8399999999997
2124.16
1273.4500000000003
1183.16
1203.93
1438.5200000000002
1603.8900000000003
1017.6399999999999
2000.3900000000003
1632.1
779.68
1483.33
2016.4599999999998
1500.28
1067.81
1158.68
1500.2800000000002
1175.65
703.4500000000002
1202.8999999999999
1081.0499999999997
1353.77
1215.8400000000001
1171.68
1575.8699999999997
981.7200000000001
1077.12
1113.16
962.1400000000001
1485.6899999999998
1726.51
718.3
1676.7900000000002
1269.1000000000001
667.85
1449.26
866.0699999999999
1490.51
676.38
1589.6500000000003
1193.72
1371.86
418.17
1696.7199999999998
1113.16
1691.6800000000003
1171.68
1575.87
1905.5000000000002
2248.1199999999994
1703.2
1396.28
625.1499999999999
1777.72
1496.4599999999998
1485.69
1353.87
1640.78
2016.46
1539.0
1485.69
1523.75
1114.9
2143.74
1809.8299999999997
1988.5600000000002
1116.31
1432.7500000000002
1815.02
1593.24
1458.63
667.8500000000001
1839.67
1394.55
1777.7199999999998
1419.8800000000003
866.7600000000001
1745.18
1961.96
1365.21
1842.1000000000001
1485.69
1557.27
828.16
1490.51
2162.1299999999997
1432.75
1815.02
2013.21
1676.7899999999997
1515.99
1839.05
1515.99
1520.73
1539.77
1543.17
1618.13
2159.33
848.89
779.6799999999998
1852.24
1410.5799999999997
1248.46
380.88
1398.9399999999998
844.9
869.0000000000001
1832.3399999999997
962.14
1513.04
1691.3800000000003
1755.0500000000002
1374.9
1873.19
1306.64
1113.16
1483.33
1793.3599999999997
1603.89
1666.29
1624.11
1314.3
891.9
1483.06
1432.79
1222.41
1438.52
1590.82
1649.4200000000003
1134.47
1649.04
1449.26
1705.2700000000002
1793.5200000000002
1202.69
1881.36
1515.99
1779.1199999999997
1222.6000000000001
1903.7599999999998
1559.83
1899.69
1192.88
1171.54
1873.19
1777.7199999999998
1603.89
969.85
1666.52
1759.33
1649.4200000000003
1640.7800000000002
1360.7600000000002
540.97
1628.5999999999997
1286.9999999999998
1394.5500000000002
1344.18
2162.03
1273.45
1447.25
1710.7199999999998
897.26
640.56
1243.1
1585.02
1398.94
1557.1999999999998
924.65
866.0699999999999
1461.33
1430.04
1436.66
1528.91
1987.44
1429.7199999999998
1198.24
1119.17
1536.6
1787.4100000000003
1631.4899999999998
1439.1700000000003
1519.98
667.9799999999999
1510.5699999999997
1203.93
866.0699999999999
1372.83
1696.86
1638.66
1897.19
1277.26
1696.65
841.27
1593.24
1839.0499999999997
1110.5499999999997
1837.2499999999998
1248.46
1714.7999999999997
594.93
574.1
1580.9500000000003
1229.41
1792.3099999999997
1287.0
1843.97
1630.66
1443.96
1739.4900000000002
1209.08
831.96
1740.85
1761.68
543.56
1228.94
946.39
1222.41
929.1600000000001
1490.51
1480.87
1603.89
2119.83
682.22
483.34
731.28
1573.12
1222.6
1468.19
1017.6400000000001
2214.64
1642.1499999999999
303.94
1519.98
1269.1000000000001
593.8299999999999
1171.54
1485.6900000000003
831.9599999999999
1724.42
1798.47
2090.54
788.53
255.57
1515.5399999999997
866.76
1419.34
1560.7799999999997
1209.08
1691.15
494.63000000000005
664.4300000000001
1665.23
1587.21
718.3
1013.78
1144.41
1485.69
1476.4799999999998
1494.23
1779.08
509.52
1472.5299999999997
802.95
1483.3300000000002
1696.65
1746.74
1673.7000000000003
1528.91
2030.5900000000001
1491.9
1873.1899999999998
1220.35
1625.4600000000003
805.12
1257.31
1292.7700000000002
850.57
1634.04
1705.24
1628.66
1745.09
1447.39
1659.5
1507.0399999999997
1396.28
1360.76
1202.46
873.9700000000001
1792.88
1522.45
1550.04
1516.6799999999998
2239.35
1839.4700000000003
1792.31
406.91
1175.6500000000003
1237.7100000000003
2065.16
1514.4
1133.4500000000003
1549.5400000000002
866.0699999999999
1872.81
1755.18
2159.33
1539.47
1573.12
1033.44
1899.6899999999998
1710.9799999999998
573.58
1337.63
847.33
1353.9999999999998
1501.24
1500.28
1577.01
1561.41
1444.13
2098.07
1423.8500000000001
1013.7799999999999
1416.98
1631.4899999999998
795.8000000000001
1579.73
1699.56
1033.44
624.7800000000001
869.0000000000001
1309.85
1237.62
1631.49
1229.41
1826.93
1777.7200000000003
616.2699999999999
1502.02
1490.51
1090.35
1468.4600000000003
1264.53
1757.8099999999997
1586.21
1873.1900000000003
2214.6399999999994
1770.9099999999999
1496.46
1394.5500000000002
1295.1399999999999
1468.19
1410.58
1796.98
1792.88
589.1100000000001
1720.21
1872.81
2124.16
1800.86
1285.2000000000003
1376.59
1339.72
1264.53
1746.74
621.12
320.12
1023.65
538.36
1387.43
972.95
1030.13
726.14
949.34
1632.1
1666.52
704.94
1516.6800000000003
2119.83
913.29
1745.18
1839.05
1448.72
1603.6
380.88
1476.0300000000002
1545.67
960.47
1375.88
1410.58
1206.95
2000.3899999999999
1423.85
1562.2300000000002
710.1500000000001
2337.73
1273.45
2000.4199999999998
1203.93
1455.37
1142.89
1618.13
535.67
1438.52
290.36
1466.95
1658.97
1833.2400000000002
290.36000000000007
1747.22
752.69
1005.6700000000001
831.9599999999999
1260.96
1659.5
1421.0700000000002
1497.46
1478.31
978.13
704.94
1120.0999999999997
1930.24
1787.4099999999999
1060.47
1862.45
1819.41
1590.82
1215.96
1603.89
1434.84
751.5799999999999
1628.6599999999999
1062.5199999999998
1809.9100000000003
1265.57
1249.66
1710.72
1510.57
1306.9099999999999
1685.92
1721.56
1638.66
1584.73
1092.94
1588.8
1758.56
1092.94
1793.5199999999998
628.4
981.72
1682.6200000000001
1432.75
1915.79
866.76
1396.2800000000002
1183.74
1110.6
1839.6699999999998
1432.7500000000002
1970.01
664.4300000000001
1342.3900000000003
1430.04
1077.1199999999997
1625.5300000000002
1817.7700000000002
1683.49
1507.04
1171.68
1202.9
1658.9699999999998
2119.8299999999995
648.53
2063.98
703.45
866.18
1721.56
1017.64
1458.63
715.19
1839.67
1513.04
1980.99
1921.1799999999998
1062.52
1671.2299999999998
1513.0400000000002
1951.77
1810.3700000000001
1410.5799999999997
872.19
837.36
1624.01
752.69
1793.52
1243.1
1220.35
2337.73
1590.82
1674.0900000000001
1691.68
1222.6
1755.1799999999998
1757.81
1989.13
464.68
852.0200000000001
1050.25
1388.05
1839.6699999999998
1666.18
1506.38
1837.25
1710.72
1518.9300000000003
1682.3300000000002
1800.86
1513.0400000000002
2124.1600000000003
852.0199999999999
1399.3900000000003
741.4599999999999
1649.49
1779.92
1690.82
671.0599999999998
1395.6500000000003
830.0700000000002
1092.94
1269.1
1192.8800000000003
546.0399999999998
1435.96
1515.99
1628.6
1273.45
616.2700000000001
1206.95
1568.41
726.14
572.7300000000001
1590.82
1749.31
1292.77
1745.18
1785.53
1810.37
1606.76
1661.6099999999997
1671.2300000000002
1435.96
1746.74
1542.4
1237.71
748.57
1113.16
1067.81
1628.66
522.58
1539.0
2098.07
1745.0900000000001
1345.66
1344.18
837.3599999999999
1716.13
2162.03
1535.3
1277.26
1787.5700000000002
1229.87
1478.1100000000001
1535.3
1536.6
972.58
1222.41
1839.6700000000003
1827.4399999999998
2072.18
1475.4
1558.09
1826.93
1800.86
1980.99
1682.62
1683.49
1676.7900000000002
1282.8000000000002
1916.37
1549.54
1682.3299999999997
1505.1899999999998
1522.7599999999998
1528.9100000000003
1435.96
874.99
640.56
1785.53
1619.0
1092.9399999999998
1110.55
1060.47
1461.33
1190.16
625.15
875.39
1558.12
1749.31
1573.1200000000001
1459.63
1997.52
1805.77
2124.16
1208.82
1513.2799999999997
972.95
1392.1
1154.77
1743.85
678.74
1809.91
1013.78
1777.72
1897.37
1419.88
1569.37
992.4
1522.45
1716.1299999999999
415.96
1479.01
1215.84
1447.39
1447.39
1628.66
802.96
1472.53
1575.5199999999998
204.58000000000004
718.3
1840.75
1510.91
962.14
1113.16
1851.7
535.67
648.57
1699.9
1682.9799999999998
1792.88
1944.6199999999997
1988.5599999999997
1202.8999999999999
1663.58
1292.77
1826.93
1710.98
1645.0600000000002
1661.61
1797.14
593.83
1777.72
511.23
1862.13
1520.73
781.8200000000002
1248.46
1432.75
1485.69
875.39
1438.41
1879.0899999999997
1478.93
966.87
1549.82
1476.48
1600.4200000000003
1849.5799999999997
1878.06
568.17
234.20000000000002
935.38
1630.66
1968.3999999999999
1897.1899999999998
1539.1
1608.5999999999997
1792.31
1643.68
1831.9199999999998
516.69
1683.49
1780.65
1561.1999999999998
1747.2199999999998
1889.9
1478.11
1847.08
1394.5499999999997
1116.56
1309.85
1119.17
1600.42
1539.4700000000003
1757.81
1365.73
1447.39
331.74
1873.19
1438.4099999999999
1419.8799999999999
522.58
771.8300000000002
1839.0499999999997
1558.1199999999997
1705.9
852.02
1809.8300000000002
1515.99
1031.34
1878.06
1077.12
800.3
616.27
1264.53
1776.48
1862.45
1372.31
648.53
1201.26
1145.33
866.07
1755.18
1175.6499999999999
1545.67
1367.64
1485.69
1573.1199999999997
1663.58
751.58
1410.58
1829.0599999999997
1699.56
457.49
1988.56
1510.57
2248.12
1913.87
788.5300000000001
1222.6
621.12
1649.04
1685.92
851.2399999999999
1152.99
1798.47
568.17
1238.04
771.83
1852.24
1520.73
2159.33
992.4
1201.26
1285.23
1466.3099999999997
2015.18
650.68
1870.43
1416.98
1459.63
704.94
877.17
1699.56
1930.24
1968.3999999999999
726.14
1691.6799999999998
1022.8099999999998
1839.05
1573.12
1606.76
1643.96
704.94
1092.9399999999998
852.0199999999999
1030.13
1585.0200000000002
1577.01
1847.8399999999997
1476.03
1384.7799999999997
1535.3000000000002
1295.14
1447.2500000000002
1295.14
1996.18
1017.64
1915.79
1569.3700000000001
1753.56
1531.2
1203.93
1398.94
1951.77
1823.4700000000003
837.36
1588.8000000000002
1528.91
2014.7199999999998
1673.7
1699.8999999999999
1721.56
1398.94
1513.28
1742.3399999999997
1749.9299999999998
1144.41
1561.63
780.1499999999999
1753.5599999999997
1770.3700000000001
406.91
1593.24
1828.37
1728.07
1535.3
1438.52
667.98
1250.6600000000003
1913.87
1170.54
1702.8100000000002
1202.46
807.48
1535.2999999999997
1502.0200000000002
1302.97
1745.18
1260.96
544.12
781.97
1796.98
1797.1400000000003
1809.9100000000003
1732.46
2013.21
1338.3
1483.0600000000002
1639.12
1451.85
1666.52
1468.19
1449.26
1705.24
1152.99
1865.67
1492.02
1208.8200000000002
1048.28
715.19
1826.08
1302.97
1434.8399999999997
650.68
1222.4099999999999
1485.4
1536.6
1113.16
1367.6400000000003
1699.94
710.1499999999999
1889.71
848.4200000000001
779.68
1777.72
966.26
1739.49
1944.8900000000003
1022.81
1745.09
1797.1400000000003
2030.59
851.24
437.40000000000003
738.9199999999998
1550.04
1777.72
609.73
1916.37
1829.06
1215.96
1586.22
1050.25
648.5299999999999
1729.08
949.34
175.53
1229.87
1961.9599999999998
1793.07
1638.6599999999999
1944.89
1792.88
2159.33
1699.56
1549.5399999999997
1366.6099999999997
1643.9600000000003
1081.05
1603.89
1462.01
1798.47
1394.38
1599.27
1165.44
1447.39
1473.75
784.52
1389.11
1261.41
1843.9700000000003
1045.96
1777.72
2239.35
875.3900000000001
1842.1000000000001
175.53
1987.4400000000003
1302.97
1765.67
1787.41
737.2800000000001
1777.72
1987.44
1682.3300000000002
1742.34
415.96
1522.4499999999998
1663.5800000000002
1608.55
1438.52
1759.97
418.16999999999996
1862.13
1547.5
1157.87
234.20000000000002
1918.89
282.89
255.57
1394.38
847.33
1883.49
1871.7599999999998
1437.95
1779.12
1513.2799999999997
1461.33
1557.27
1377.35
830.07
1745.1799999999998
1229.87
1630.47
1485.59
1499.68
1587.2100000000003
1691.15
1510.57
600.23
1447.25
1676.48
1839.05
866.07
715.19
1237.62
1113.16
1349.04
962.14
1561.4100000000003
1577.01
1847.84
780.15
1842.1
946.39
1952.8000000000002
1930.2400000000002
1434.8400000000001
1238.04
1522.6
949.0399999999998
1797.14
1366.61
969.85
1586.22
1222.6
837.3600000000001
535.67
879.65
499.25999999999993
1833.2699999999998
1989.13
1295.14
1295.14
1189.47
667.8500000000001
1483.06
1745.18
1022.81
437.4
1682.3299999999997
1691.68
570.99
1360.76
869.0
966.2600000000001
1231.6699999999998
2159.33
916.02
162.18
1300.19
1798.38
1411.95
1842.0999999999997
1828.37
1392.1
1682.08
1828.37
1295.3399999999997
949.3400000000001
1142.89
1739.49
1429.72
1559.59
927.98
1683.4900000000002
1950.3
1800.86
1112.02
1979.83
1727.1
1434.42
1779.0800000000002
1496.4599999999998
1017.6400000000001
1842.1
1295.14
1222.4100000000003
1519.98
1718.71
1518.93
646.9999999999999
1476.03
781.8199999999999
1222.6
150.34
1686.98
1745.09
1663.58
1193.72
1395.03
1673.8899999999999
2032.23
1600.42
1365.73
1494.23
682.22
1755.0499999999997
2000.19
1142.89
1817.7700000000002
1171.6800000000003
1682.98
2090.54
1623.73
600.23
949.34
1454.47
1792.31
1501.1
1216.36
1557.94
1353.87
1133.45
1760.0
1510.91
1897.19
1691.6799999999998
848.89
1846.4100000000003
1337.63
1666.29
981.7200000000001
1557.2
1109.32
907.1900000000002
1422.12
1590.82
1586.2099999999998
1461.33
1745.09
1175.65
850.5699999999999
960.47
1851.7
1556.7
1703.2
1365.21
1292.77
1423.86
774.64
2159.33
1013.78
1880.76
1048.28
1671.23
516.69
1432.75
1256.92
922.69
464.07
1659.5
1673.8900000000003
535.67
1084.79
1879.0900000000001
1839.67
1107.9600000000003
1944.8899999999999
1461.33
1638.66
1600.42
1419.48
2143.74
831.9600000000002
718.3
1921.6799999999998
1691.6799999999998
631.81
1785.47
2214.6399999999994
1506.38
1579.73
1559.59
1423.86
1260.96
1306.9100000000003
1309.85
1671.23
1490.51
1970.01
1506.3800000000003
1507.04
1674.09
1711.97
1448.7200000000003
2050.6199999999994
1060.47
1423.86
1447.95
1671.23
2164.15
573.58
897.26
1455.3699999999997
1899.6899999999998
1719.37
1222.6
2024.2
1632.61
1625.4599999999998
1827.44
966.8699999999999
837.36
1806.0600000000002
221.23
1842.24
1980.9900000000002
1798.3799999999999
1696.72
1492.64
1539.47
1523.2599999999998
1807.3300000000002
150.34
1691.15
1189.47
1311.23
1979.83
1265.57
1339.72
1434.71
1691.15
1555.4799999999998
1483.5800000000002
1510.91
1306.64
1807.42
738.92
1314.3
784.52
1339.72
718.3
666.59
1013.7799999999997
1384.7800000000002
639.73
1501.1
956.61
1539.0000000000002
1971.2299999999998
2030.5899999999997
1557.27
1944.8899999999999
1523.26
1367.6399999999999
1793.52
1809.8299999999997
1092.94
678.7399999999999
1208.82
1827.44
1619.0
1745.09
2072.18
625.1500000000001
290.36
1779.0800000000002
737.2800000000001
1743.85
1085.4
1819.4099999999999
1203.9299999999998
1451.8499999999997
1344.18
1203.93
1192.88
1573.12
1883.21
1336.74
1862.45
1507.04
1430.04
1579.7300000000002
1645.06
1979.8299999999997
1796.9799999999998
1557.2
1312.1600000000003
1925.3200000000002
1165.44
793.58
1577.01
1251.1399999999999
1635.4999999999998
844.9
1305.54
1170.54
1589.65
1635.4999999999998
2132.85
1235.69
1376.59
1588.8
570.99
1779.92
1461.33
1798.38
1833.24
448.34
726.14
1732.46
1833.24
1261.41
1944.89
738.92
1149.07
1386.33
748.5699999999999
2143.74
1456.34
1092.94
1842.0999999999997
1727.1
1432.79
972.95
1050.05
1437.95
1506.38
1740.85
1506.38
1792.88
1565.1599999999999
1203.9300000000003
1839.05
1619.0
1295.14
1873.19
198.42000000000002
1791.9600000000003
1276.06
1685.9199999999998
624.78
764.24
1945.95
1809.2899999999997
1573.12
949.34
1603.89
1979.8300000000002
1659.5
1189.47
1618.13
1705.24
1222.4099999999999
1793.0699999999997
1696.7199999999998
1483.0599999999997
1113.16
1282.7999999999997
771.83
1777.72
1846.41
1434.42
1930.2399999999998
2337.73
1798.3799999999999
1395.03
1800.8599999999997
693.36
785.59
1432.79
837.8
1494.23
1516.4300000000003
1852.47
969.85
2090.54
1742.3399999999997
1556.68
1770.37
1608.55
1788.75
648.53
891.9
715.19
1500.28
774.64
1833.27
1662.92
2248.12
1671.23
1394.38
1110.6
494.63000000000005
960.4699999999999
1726.5100000000002
1451.85
1699.56
1050.0499999999997
755.3
1403.6
1282.8
1628.6600000000003
862.6100000000001
1048.28
1577.01
1578.97
2124.16
1097.95
1392.1
522.58
755.2999999999998
2090.54
1371.86
1746.74
1557.94
1593.12
1510.91
1749.31
1798.38
1023.65
1872.8100000000002
1528.91
1558.1199999999997
960.47
1557.94
1757.8100000000002
356.17
1900.18
1839.0499999999997
1155.05
1522.76
935.4
1796.98
1171.68
1656.2800000000002
1519.9800000000002
1610.2500000000002
726.14
1673.89
1663.58
1659.5
866.05
866.76
1842.1
667.98
1777.7199999999998
2024.2
860.3200000000002
1478.11
1996.18
877.17
693.36
1826.93
1253.7599999999998
1145.33
322.0
1916.37
1058.5
1376.5899999999997
1970.0100000000002
1483.7699999999998
1251.1400000000003
1755.1800000000003
2090.54
1472.5299999999997
1202.69
1455.85
1165.44
802.9599999999999
1110.0
1455.37
402.81
1674.09
509.52000000000004
1513.04
1220.35
1796.7
1649.4899999999998
1878.06
1458.63
1623.8099999999997
437.4
949.34
1639.55
1829.06
1253.76
1789.85
1930.24
1642.15
1309.8499999999997
1473.75
1208.82
1623.73
544.12
2197.33
1374.9
1166.93
667.98
715.19
1987.44
1361.08
1483.48
1952.8
1752.18
1237.07
1619.0
1510.91
966.2600000000001
1727.0999999999997
1682.0800000000002
1625.46
1447.39
1506.38
1921.1799999999998
1549.54
1745.09
1114.9
1033.44
1643.96
1745.18
1475.3999999999999
971.3100000000001
2248.1199999999994
1394.5499999999997
1496.46
1451.85
1577.01
1437.95
1273.45
1724.68
1295.3400000000001
1889.7099999999998
1198.24
1826.93
1770.37
1419.3400000000001
2162.13
1392.1
1394.5500000000002
1559.83
1674.0899999999997
1475.4000000000003
1063.46
1077.35
1682.0800000000002
1449.26
1847.0800000000002
1645.06
1300.1899999999998
1045.96
1154.03
1152.99
1819.41
1649.42
1338.3
1740.8500000000001
1475.4
1682.9799999999998
1899.69
1870.43
1624.1099999999997
1490.96
1628.6000000000001
1311.23
500.9200000000001
1673.7
1952.8
1788.75
1871.7600000000002
2197.33
1800.8599999999997
1752.03
1157.87
1152.9899999999998
1264.53
1696.72
1569.37
1605.84
1285.1999999999998
1666.29
1575.52
710.25
1843.97
1438.4099999999999
1944.89
2197.33
1264.5299999999997
949.04
1691.68
1839.47
1780.07
1649.04
1238.04
1921.1799999999998
1749.31
1842.0999999999997
1423.8499999999997
1605.84
1883.2099999999998
221.23
572.73
1439.17
992.4
1248.46
1190.16
1755.05
917.7900000000001
1260.96
924.9
1269.1
1721.56
1673.7
1253.76
1273.45
1649.0399999999997
1451.8500000000001
1500.28
1152.99
1951.7699999999998
1461.33
1522.76
1376.04
1515.99
1605.84
1394.38
1229.4099999999999
540.97
1238.04
1612.43
950.2400000000001
1458.63
1793.0699999999997
1560.78
2143.74
1873.19
1718.71
1785.5300000000002
1643.96
1458.6299999999999
1827.1799999999998
1780.07
1565.1600000000003
1944.89
1905.5
1573.12
1747.22
1612.43
1558.12
1755.0500000000002
897.2599999999999
1116.8
2162.03
2214.64
1573.12
905.7900000000001
1696.6500000000003
1970.01
1513.04
1615.13
1732.46
2000.3900000000003
905.79
1730.86
667.98
1154.03
1556.68
666.59
1477.12
1640.78
1852.4700000000003
1749.93
1639.12
1201.26
1222.41
1356.46
1906.35
1902.37
1510.91
1807.67
1344.18
981.72
1575.5199999999998
1249.66
1612.4299999999998
1109.9999999999998
1519.98
1829.06
2079.14
1925.32
1549.54
897.78
1828.37
1058.5
1628.6
1222.41
1603.6
1229.87
972.9499999999999
1228.94
1682.08
1500.09
1478.3100000000002
1116.8
1663.39
1593.12
1964.8600000000001
1970.01
2090.54
546.04
1435.9599999999998
1145.33
1387.17
2159.3299999999995
718.71
1619.0000000000002
1842.1000000000001
1092.94
1202.9
1843.97
1728.07
1632.0999999999997
1696.6499999999999
664.4299999999998
751.16
1120.0999999999997
1649.42
1560.78
1691.68
1605.84
1661.61
1324.64
1558.12
738.9199999999998
1628.6
1810.37
1951.77
2024.2
1847.08
1586.21
835.08
1045.96
1419.34
1048.28
1666.52
1580.95
1593.12
903.3000000000001
1683.49
1930.24
1109.3200000000002
1851.7
1048.28
897.26
1807.42
1202.9
1749.9299999999998
1972.88
1593.12
874.99
1536.5999999999997
897.26
1468.0099999999998
1587.21
1067.81
1807.6700000000003
1632.42
879.65
935.38
1455.85
972.95
2090.54
1311.23
1300.19
1827.44
1500.2799999999997
802.95
1311.23
1522.45
841.27
624.78
290.36
544.12
1386.33
1745.0900000000001
715.19
1624.11
1634.13
877.17
1699.56
1797.14
1930.24
802.95
1494.23
2143.74
1561.63
1683.49
1349.04
1243.1
1787.4100000000003
1450.67
1251.1399999999999
1237.62
1638.66
1777.14
1437.95
1149.07
1653.69
807.4799999999999
917.79
935.4000000000001
1698.0
966.26
1435.9600000000003
860.32
897.7800000000001
1423.8599999999997
969.85
851.24
546.04
1704.0600000000002
981.72
837.36
1900.1800000000003
785.5900000000001
1925.3199999999997
1237.07
1638.66
1918.8900000000003
1423.85
874.99
1746.7399999999998
1803.97
1743.8500000000001
650.68
1183.74
1238.04
1793.36
726.14
1496.4599999999998
1699.9
1459.63
1805.7700000000002
1084.79
1222.6
1603.6
1587.8
1943.24
1862.4499999999998
1531.2000000000003
1659.5
1703.2
752.69
1572.91
1180.63
1643.6800000000003
857.42
303.94
949.34
1338.2999999999997
1696.6499999999999
1917.57
1063.46
1535.3
1265.57
873.97
1419.8799999999999
1661.6099999999997
1780.07
1623.7299999999998
1843.97
789.01
1690.82
883.11
1728.0699999999997
1201.26
1189.47
1238.04
1925.3199999999997
1287.0
1273.45
1988.5600000000002
1630.66
1202.9
2024.2000000000003
1865.67
1575.52
1970.01
1682.08
1396.2800000000002
1539.4699999999998
1430.04
1779.92
1110.0
877.17
1276.06
1690.8200000000002
1600.4199999999998
1815.02
1968.3999999999999
2162.13
2337.73
639.73
1515.99
1809.9100000000003
1577.0100000000002
704.9400000000002
650.68
1134.47
1952.8
1386.3300000000002
1466.95
1759.97
751.16
1612.43
1478.31
1749.31
500.91999999999996
1050.2500000000002
1710.5299999999997
1785.53
922.6900000000002
1145.33
1980.99
1851.6999999999998
1702.81
1846.41
1116.31
500.91999999999996
1953.03
1483.33
1175.65
2162.03
1499.24
1759.97
1256.92
1593.12
1796.7
1776.48
1718.79
695.66
1837.1099999999997
1455.37
1510.57
1805.7700000000002
1257.31
1779.9199999999998
1306.91
1785.47
621.12
866.1800000000001
1276.0599999999997
1475.4
1755.0500000000002
1222.6
1918.8900000000003
1366.61
1494.2300000000002
1492.0200000000002
1630.47
1535.3
1163.1
1873.19
1883.2100000000003
1389.11
794.7
1107.96
1317.33
2239.35
737.28
1664.7600000000002
1487.93
2143.74
1410.58
1921.68
640.5600000000001
1742.34
1490.51
924.6500000000001
1492.02
1092.94
676.3800000000001
1557.2699999999998
1228.94
1785.7199999999998
1577.0100000000002
1492.6400000000003
1649.04
1443.02
1485.69
1345.66
2214.6399999999994
1513.04
1656.28
1113.16
1269.1
1745.0899999999997
1642.15
1419.48
793.58
1364.54
1705.8999999999999
1624.0099999999998
1749.31
2013.21
913.29
1535.3
1770.9100000000003
1628.6
1180.63
1852.4699999999998
704.94
1502.02
1605.8400000000001
1462.01
1193.7199999999998
837.7999999999998
1337.63
1649.0399999999997
922.69
1624.1099999999997
1779.92
1472.53
1796.9799999999998
1237.07
1843.97
1572.9099999999999
1789.8500000000001
1832.34
303.94
1300.19
1171.54
1718.76
1847.26
459.2099999999999
1206.95
1317.33
1827.4400000000003
1951.77
1344.18
1829.0599999999997
1778.6499999999999
1062.52
1691.68
1842.1000000000001
1589.75
1497.46
1502.49
1202.4599999999998
1798.38
1456.3400000000001
1277.2599999999998
1492.0200000000002
1832.3399999999997
1361.3
640.5600000000001
1656.2800000000002
1849.58
835.0799999999999
1502.4900000000002
1593.2399999999998
1634.13
1485.6899999999998
949.34
748.5700000000002
1721.56
1625.46
924.9
1062.52
1889.7100000000003
1510.91
1968.4
516.69
1603.8900000000003
600.2299999999999
1287.0
1395.0299999999997
873.9699999999999
789.01
1499.68
648.57
1915.7899999999997
1282.8
1209.08
1878.0599999999997
1349.04
1462.01
1578.9700000000003
1344.71
1487.9299999999998
1265.57
446.93999999999994
1691.68
852.0200000000001
678.7400000000001
866.7599999999999
570.9899999999999
2239.35
1745.0900000000001
1346.1399999999999
924.9
494.63
1201.26
1447.95
1399.3900000000003
1183.74
2197.33
1251.14
1398.94
1608.55
1775.03
1663.5800000000002
1639.55
1682.62
1478.1099999999997
1662.88
1865.6700000000003
1455.85
1623.73
1561.41
828.1600000000001
1871.76
1215.84
1222.6
1842.2400000000002
2159.33
1829.0600000000002
1285.23
1671.23
956.61
913.2900000000001
2015.18
1295.14
1682.6200000000001
437.4
1353.87
1832.3399999999997
1119.17
1674.09
1807.4199999999998
1930.2399999999998
234.20000000000002
1265.57
1899.69
1967.8699999999997
693.36
1155.05
1635.4999999999998
1915.79
1798.4700000000003
1925.32
1371.86
1547.5
875.39
1539.1
785.59
789.0099999999999
1306.91
225.12
1663.58
640.56
658.14
1557.27
1349.04
2159.33
1249.6600000000003
1752.72
1889.9000000000003
949.04
1837.25
1623.8099999999997
1797.14
828.16
639.73
1569.37
1556.7
1674.0899999999997
666.59
1739.18
2197.3300000000004
1273.45
1149.07
880.41
1770.3699999999997
1809.83
1793.52
2143.74
1615.13
1586.21
437.4
1273.45
1796.9800000000002
2065.16
902.0899999999999
1839.6699999999998
666.59
1624.1100000000001
1443.0200000000002
1988.5600000000002
1285.2
1376.59
1586.22
1846.41
869.0
1878.06
1408.25
1490.96
1826.0799999999997
1360.7600000000002
1375.88
1467.52
1951.7700000000002
802.95
897.26
1980.99
1757.81
290.35999999999996
1539.1
1550.04
1513.04
1847.26
1759.9999999999998
1403.6
917.79
1780.07
1422.1199999999997
1559.5900000000001
785.59
1483.58
862.6100000000001
1499.24
1367.6399999999999
1607.34
1805.77
1673.7000000000003
1045.96
1661.6100000000001
669.8500000000001
1215.96
1342.3899999999999
2050.62
1711.55
1682.08
1714.8000000000002
631.8099999999998
1873.19
1793.5200000000002
1779.12
1745.09
1396.28
1406.95
1560.78
1237.07
1749.3099999999997
1705.9
1828.37
1356.4599999999998
1793.07
2279.82
682.22
1243.1
779.08
1690.8199999999997
1510.57
1695.08
1372.83
648.53
1398.94
1248.4599999999998
1475.4
1183.74
1787.57
1839.4700000000003
1309.8499999999997
1971.2300000000002
564.16
1507.0400000000002
1033.44
1608.55
1267.98
1109.32
1586.2199999999998
1295.14
1285.23
648.57
1501.1
1449.26
1584.7300000000002
1851.6999999999998
1711.9700000000003
1499.68
1718.79
1730.8600000000001
1473.75
1584.73
1394.55
1277.26
1549.82
1925.32
1050.25
992.4000000000001
1840.7499999999998
779.66
1745.18
1661.6100000000001
1485.6900000000003
1328.85
1779.08
446.94
1889.7100000000003
1872.4399999999998
1163.1
1721.56
1222.4100000000003
799.12
1573.12
710.2499999999999
1755.05
1989.13
1539.47
1476.03
1624.87
255.57
1599.2699999999998
1164.2
1516.68
1745.18
982.64
805.12
1718.7100000000003
962.14
1387.43
1780.07
755.3000000000001
1421.45
640.5600000000001
704.94
1573.1199999999997
1499.68
990.84
1638.66
1483.77
1119.17
1972.88
1732.4600000000003
1605.84
1674.09
1450.6700000000003
1430.04
788.5299999999999
1787.4100000000003
1787.57
703.45
621.12
879.65
1793.52
1843.97
1222.6
1967.87
1248.46
1344.1800000000003
1875.72
1312.1600000000003
1951.7699999999998
874.99
1367.64
1584.73
852.0199999999999
1776.48
1282.7999999999997
1149.07
1759.97
1366.61
897.26
1897.87
1967.87
1674.0899999999997
1699.8999999999999
1081.05
1109.32
1168.72
1785.5299999999997
1209.08
1967.87
631.8100000000001
1192.88
1220.3499999999997
866.18
1809.83
1699.9
418.17
1458.6299999999999
1819.41
2239.35
751.58
1765.7899999999997
1575.5199999999998
718.3
255.57
1780.07
1251.14
1300.1900000000003
1022.81
789.01
1599.2699999999998
1721.5600000000002
1562.23
1739.18
1630.4700000000003
1455.37
935.38
1628.66
972.58
1149.07
1295.14
1163.1
866.07
718.3000000000001
897.26
1968.4000000000003
2143.74
1749.31
2013.2100000000003
1349.0399999999997
1603.6000000000001
1492.02
1202.69
1373.4
2063.98
1229.87
1710.98
1553.2099999999998
2143.7400000000002
1514.4
1518.93
1535.3
1880.7600000000002
841.27
837.36
1472.53
1628.6600000000003
1114.9
978.1299999999999
1395.65
1109.9999999999998
1871.76
1494.23
1356.46
1807.3299999999997
1351.69
1586.22
303.94
331.74
1903.7600000000002
1561.41
972.9500000000002
1827.18
850.5700000000002
924.8999999999999
779.6600000000001
1710.72
1209.08
1956.89
872.19
1419.34
1494.23
764.24
1809.83
1209.08
683.1000000000001
1336.74
1796.98
1567.4300000000003
1273.45
1871.27
1364.54
631.5
1787.57
2143.74
1374.91
2279.82
1276.0600000000002
2214.64
1251.14
1694.3699999999997
1180.63
1459.3400000000001
805.12
1344.18
1661.61
1536.5999999999997
1287.0
1649.42
800.1799999999998
682.22
1432.79
1155.05
1987.3899999999999
1930.24
1510.91
636.02
1235.69
927.9799999999999
695.6599999999999
1671.2299999999998
866.18
1435.9599999999998
1406.95
1423.86
1429.7200000000003
1666.1799999999998
917.79
852.02
1883.49
1342.39
2098.07
1109.32
905.79
1833.2700000000002
897.26
1265.57
1649.49
1683.4900000000002
1353.87
150.33999999999997
1758.56
1394.3799999999999
2073.13
1499.68
1557.1999999999998
1394.38
1921.18
1796.7
1662.88
1575.8700000000001
1847.26
795.8
1842.1
1436.66
1483.48
1730.86
1872.4400000000003
1434.84
1344.1800000000003
1918.89
1831.92
1261.41
1696.72
1339.93
1165.44
845.3500000000001
877.1700000000001
1967.87
1237.07
922.69
1691.68
883.11
1558.12
1394.3800000000003
1208.82
1548.87
1506.38
1691.68
1081.05
1653.69
924.9
1208.82
1120.22
1630.47
1516.58
1623.8100000000002
1312.16
1365.73
835.54
1810.94
1346.14
1492.0199999999998
990.8400000000001
2214.64
1807.4199999999998
1175.65
1809.83
1220.35
1685.92
1510.91
1260.96
1295.14
1478.31
1371.8600000000001
666.59
1674.09
1353.87
917.79
1875.72
1237.07
1839.0499999999997
1107.9599999999998
1451.8499999999997
1250.66
1883.21
1587.7999999999997
1819.4100000000003
1536.6
1455.8500000000001
1847.84
866.1799999999998
1606.76
883.1099999999999
1419.88
993.55
1267.98
1092.94
1727.1
1701.23
1557.2
1260.96
1017.6399999999999
1732.46
1995.87
1691.3799999999999
448.34
1229.87
1109.32
1548.8699999999997
1490.51
669.85
1478.9300000000003
1612.43
150.34
1422.12
1787.41
1364.54
1691.68
1222.6
1878.0599999999997
1809.91
866.76
609.73
2239.35
1113.16
1730.86
1643.9599999999998
1447.25
1827.1800000000003
1478.93
1827.44
1761.94
509.52
1455.37
150.34
1852.2400000000002
949.34
866.0700000000002
2079.14
2279.82
789.01
1500.09
1580.9499999999998
1921.6799999999998
1787.5699999999997
457.49
1638.66
1222.6000000000001
1819.4100000000003
1302.97
1894.85
1865.67
2143.74
1485.0499999999997
1639.12
1154.03
1485.4
648.57
1806.06
1422.12
992.4
927.9800000000001
1871.76
1403.6
1710.7199999999998
303.94
1696.72
1643.9599999999998
924.9
1090.31
788.62
1411.95
1377.35
990.84
1260.96
1107.96
1560.78
1585.0200000000002
1146.78
1292.9299999999998
1645.06
1257.31
1603.8900000000003
1515.9900000000002
1826.93
1846.4099999999999
1107.96
1231.6700000000003
922.69
1642.15
837.36
752.6900000000002
1175.65
966.87
1752.72
1243.0999999999997
1109.32
1852.24
1231.67
1875.72
1339.93
1201.26
1339.93
667.98
1225.6300000000003
1394.38
1305.54
1979.83
844.9
1311.23
1449.26
1682.6199999999997
636.51
1077.1199999999997
1403.6
913.29
2015.1799999999998
1843.9700000000003
1167.78
1367.64
1312.16
1632.61
1793.5199999999998
1398.75
321.99999999999994
800.18
2124.16
1183.74
2279.82
1183.74
1180.6299999999999
1956.89
1656.28
1587.8
1250.66
1674.09
1513.0400000000002
1248.46
1273.45
835.54
1434.42
1344.71
1265.57
1499.24
666.5899999999999
1485.4
848.42
1423.8599999999997
1364.54
1732.4599999999998
2000.39
1586.2199999999998
1302.9699999999998
1953.0299999999997
935.4000000000001
1682.33
1276.06
1662.92
1179.09
1228.94
1506.38
1575.87
1837.1099999999997
866.18
1077.35
2159.33
1666.18
902.09
1248.46
1980.99
1770.37
2014.72
1623.7300000000002
1557.94
1507.0400000000002
1878.0600000000002
1436.6600000000003
1175.65
1411.95
1422.12
1372.31
704.94
628.4
1917.5699999999997
1353.87
1510.57
1752.72
1798.4699999999998
1539.7700000000002
950.24
1588.8
1842.24
359.1
1394.55
1435.96
1629.9199999999998
1682.33
1084.79
1305.54
789.01
482.65000000000003
1264.53
1780.6499999999999
1980.99
2014.72
1798.47
1492.0200000000002
877.17
1745.1799999999998
1857.0400000000002
950.2400000000001
1787.41
648.53
949.34
1229.41
1410.5800000000002
1012.0
1624.11
1142.8900000000003
1671.23
1605.84
1639.1200000000001
1423.86
1434.4200000000003
1649.04
1346.14
1658.97
1881.3599999999997
1739.49
1050.25
1110.5499999999997
1792.88
1392.1
1374.9
891.9
929.16
1448.72
1777.7199999999998
1029.87
828.16
1300.19
1710.53
1447.25
1282.8
956.61
1883.49
1513.2799999999997
1624.11
1600.1
1421.45
1238.04
779.66
1573.12
710.25
905.7900000000001
1785.47
1970.0099999999998
1345.66
1970.01
866.76
1090.35
1058.5
895.14
1114.9
1279.31
1603.89
1510.57
962.14
1628.6600000000003
1760.0
1374.9
1416.98
1665.23
1561.41
2050.62
1193.72
1238.04
1361.3
1827.44
1287.0000000000002
1324.64
1682.33
1092.94
500.92
1807.67
1635.5000000000002
802.95
1238.04
1189.47
927.9799999999999
1593.24
1560.78
418.17
1090.35
1556.7
1611.6600000000003
1729.08
1749.31
1309.85
1449.2599999999998
1761.6799999999998
1755.05
1711.5499999999997
2014.72
1833.5599999999997
1605.8400000000001
1726.51
1267.98
1487.9300000000003
1429.72
784.52
1747.2199999999998
1356.46
1237.7100000000003
1837.11
718.7100000000002
1871.76
1081.05
835.54
1077.35
1873.1899999999998
1483.06
1523.2600000000002
1593.1199999999997
1472.53
1608.55
779.68
1450.6700000000003
935.4
1467.52
1792.88
1045.9599999999998
1478.11
1503.98
917.79
1220.35
897.2600000000001
1513.0400000000002
1732.1199999999997
847.33
1396.28
793.58
1683.4900000000002
543.5600000000001
1058.5
483.34
1419.48
1558.1199999999997
2214.64
2030.76
1349.04
1894.85
788.5300000000001
788.53
1889.7100000000003
1430.0400000000002
1317.33
1374.9
1539.4700000000003
1251.14
1879.0899999999997
1447.39
1116.8
2214.64
2239.35
1846.4099999999999
1490.96
1610.25
851.24
1587.2099999999998
1198.24
1682.1
1476.03
972.5800000000002
500.92
1921.18
1243.1000000000001
718.3
1465.72
1569.37
1238.04
1569.37
1915.79
1116.62
799.12
1235.69
1771.8
703.45
631.4999999999999
522.58
1710.98
1710.5300000000002
1351.6899999999998
1897.3699999999997
1311.2299999999998
2098.07
1575.87
1389.11
1656.28
1980.99
631.81
1366.61
1461.33
852.02
718.71
1539.0
1558.0900000000001
1447.39
1556.78
860.32
1852.24
1746.7399999999998
902.0899999999999
2050.62
1663.58
1792.88
1438.41
2162.13
1776.62
1251.14
850.57
800.1800000000001
1755.05
1152.99
1505.19
1755.18
1468.19
1203.93
1472.5300000000002
1249.6600000000003
1388.05
828.16
1410.5799999999997
1897.87
795.7999999999998
1666.18
1023.65
1691.1500000000003
1518.93
1264.53
693.36
1473.75
1371.86
446.94
1468.19
1429.7200000000003
1865.6699999999998
1434.42
1639.5500000000002
1387.1700000000003
1918.8900000000003
1058.5
1798.4700000000003
1815.0200000000002
1593.1200000000001
594.9299999999998
682.2200000000001
2050.6200000000003
1203.93
828.16
1593.24
866.76
1478.31
1832.3399999999997
1429.72
1852.24
1656.28
1569.3699999999997
1844.58
1902.37
1306.64
1478.93
1421.07
1451.85
1251.14
1164.2
1520.7300000000002
1251.1400000000003
1459.34
1608.5499999999997
1691.15
1238.04
1683.49
1913.8700000000001
648.53
682.2199999999999
1701.23
1477.1200000000001
1468.46
1749.3100000000002
1691.68
1198.24
1146.7799999999997
1599.27
1376.59
841.27
1827.1799999999998
1419.48
1897.37
1550.04
877.17
1113.16
1489.99
1593.12
1643.68
2248.1199999999994
1116.5599999999997
624.78
1373.4
1406.95
897.7799999999999
751.58
1694.3700000000001
1166.93
1921.1600000000003
1183.7400000000002
1792.88
1758.56
1770.37
866.76
1523.2599999999998
1649.49
1237.62
693.3599999999999
624.04
1198.24
1815.0200000000002
1663.58
290.36000000000007
1366.61
1608.55
1649.04
1548.87
1889.8999999999999
1997.52
1902.37
1447.25
1956.8899999999999
972.5799999999999
1256.92
290.36
1643.96
1491.9
1367.64
1520.73
1600.42
2162.0299999999997
1972.88
1831.92
1502.49
1466.95
1461.3299999999997
1451.85
2030.76
1951.77
1443.96
794.7
1483.0600000000002
1480.87
1396.28
1434.4200000000003
1439.1699999999998
1852.4700000000003
1152.99
1229.41
1371.86
290.36
1561.1999999999998
1506.3799999999999
1682.33
1478.11
1273.4500000000003
1179.09
1265.57
1019.8500000000001
482.65
1548.87
949.34
1618.9999999999998
1085.4
2030.5899999999997
962.1399999999999
2132.85
1889.71
1745.1799999999998
1575.87
1809.2900000000002
1271.52
1803.97
564.16
1392.1
2214.64
1012.0000000000001
1306.64
1535.3000000000002
1691.68
546.04
1485.05
1437.95
1215.96
1889.71
1944.88
402.81000000000006
1510.91
494.63
1553.21
1421.0699999999997
1568.41
1435.34
1776.6200000000001
1996.18
540.97
150.33999999999997
1365.2100000000003
1276.0599999999997
1249.66
1077.12
483.34
1796.9800000000002
949.0399999999998
1851.7
1586.2100000000003
774.64
946.3899999999999
1264.53
1779.92
2159.33
666.59
1698.94
1588.8
1285.2299999999998
290.36
850.5700000000002
1557.2
1366.61
993.55
1365.7300000000002
837.36
1539.47
647.0
1225.6299999999999
1785.5300000000002
1556.68
1862.4500000000003
1561.41
1403.4799999999998
800.3
1739.18
788.6200000000001
1691.6799999999998
1113.16
1610.25
1349.0400000000002
1251.1400000000003
1459.63
1562.23
1608.55
1478.93
1930.2399999999998
1758.5599999999997
1977.8899999999999
802.9499999999999
1897.1899999999998
1373.4
1577.01
1873.19
1691.68
1645.0600000000002
658.14
1168.72
1235.6900000000003
2016.46
1550.04
1878.06
1726.5100000000002
781.82
1444.13
1673.7
1809.8299999999997
1050.05
1158.68
950.24
1535.2999999999997
2214.64
852.02
1721.56
1608.55
1171.68
704.9399999999999
1645.06
835.5400000000001
1468.19
589.11
1134.47
1067.81
1309.8500000000001
1785.47
1846.4100000000003
873.97
1796.9800000000002
903.2999999999998
683.0999999999999
1447.39
1142.89
718.71
1577.5499999999997
1807.67
1237.62
1423.85
1267.98
1353.87
1543.1699999999998
1483.5799999999997
1190.1600000000003
1606.63
1387.4300000000003
457.49
726.1399999999999
1569.37
1209.08
1171.68
866.07
1366.6100000000001
418.17
852.0199999999999
1832.3399999999997
781.8200000000002
862.6100000000001
1429.72
1536.6
1645.0599999999997
1396.28
1634.04
1561.41
644.69
1515.99
1931.21
1389.11
1691.6800000000003
1791.69
966.26
1761.6800000000003
1515.5399999999997
1730.86
1447.25
1337.63
1729.08
1328.8500000000001
1829.0599999999997
1837.25
1805.77
1839.6699999999998
1739.4900000000002
1190.16
1502.0200000000002
1645.0600000000002
1090.35
1410.58
1133.45
1603.5999999999997
1899.6899999999998
1847.8399999999997
1925.32
1360.76
1050.25
1465.9
1800.86
877.17
1721.5599999999997
625.15
1257.31
290.36
1430.04
2030.7600000000002
1585.02
1623.7299999999998
1017.6399999999999
949.34
1705.2400000000002
1413.52
1394.38
1467.52
1324.64
1889.71
1611.66
788.6200000000001
1228.94
1676.79
1229.87
1394.38
1462.0100000000002
669.85
1183.74
718.3
290.35999999999996
1745.0899999999997
913.2900000000001
1643.96
1829.0600000000002
1542.4
1485.05
1945.95
873.97
1455.37
1422.1200000000001
1372.31
1366.61
678.7400000000001
1815.02
1568.41
1435.34
570.99
1189.47
1682.0999999999997
1539.77
1017.6399999999999
1972.8800000000003
800.3
800.1799999999998
1353.87
1273.45
1778.65
1421.4500000000003
1092.94
1921.6800000000003
2014.72
1977.8899999999999
1372.8299999999997
1112.02
625.15
1809.91
1573.12
1755.18
380.88
1831.9200000000003
1730.86
1779.0799999999997
1510.91
1743.8499999999997
924.6499999999999
875.3900000000001
1711.55
1649.04
1698.9400000000003
1528.91
1269.1
1443.02
1062.52
648.53
2015.1800000000003
1030.13
1389.11
1456.34
1017.64
1222.6
1628.6
1905.4999999999998
1573.12
535.6700000000001
1515.54
927.9799999999999
1593.24
1520.73
1157.8699999999997
1792.88
1515.54
1785.5299999999997
1930.24
1649.4199999999998
1203.9299999999998
1656.2800000000002
2214.64
1276.06
1461.3299999999997
1455.85
1276.06
1273.45
1539.1000000000001
917.7899999999998
1491.9
781.82
1466.3100000000002
835.5399999999998
1237.62
1419.4799999999998
726.14
1353.77
1951.77
738.9199999999998
2197.33
866.7600000000001
1155.05
981.72
1671.23
1843.97
1388.0499999999997
1561.2
1251.14
1037.45
813.9499999999999
2007.62
1267.98
1918.89
1682.62
1710.72
1202.69
1317.33
1487.93
1815.02
1251.1399999999999
1344.17
1871.76
802.96
1921.09
2032.2300000000002
1770.3699999999997
1720.21
1865.67
1110.6
1726.51
282.89
1394.55
1222.6
1372.8300000000002
880.41
2030.76
1257.31
1410.58
874.99
1903.7599999999998
1045.96
158.35
676.3800000000001
924.9
1873.19
1967.87
1749.93
1705.2700000000002
1776.48
1300.19
1430.04
1114.9
1432.75
1506.38
841.27
695.6600000000001
1785.53
1090.35
748.57
1450.6700000000003
1590.82
1366.61
1698.0
1870.43
1295.14
1951.77
1568.41
1507.04
1659.5
1549.5399999999997
322.00000000000006
738.01
1045.9599999999998
678.7400000000001
1619.0
1590.82
1770.3699999999997
1612.4300000000003
1396.28
1455.37
1273.45
589.11
1815.0199999999998
1797.14
1483.33
1728.0699999999997
1587.21
1192.88
2014.72
844.9
1396.2800000000002
676.38
1730.8600000000001
1435.96
847.3299999999999
1112.02
1851.6999999999998
877.17
1606.7600000000002
1487.93
1050.25
2090.54
695.66
1353.8699999999997
1630.4699999999998
1019.85
1522.6
1284.51
1361.08
1081.05
924.6500000000001
1956.89
1454.47
726.14
1897.1900000000003
1349.04
877.17
593.8299999999999
1752.72
1573.1200000000001
464.68
1193.7200000000003
1458.63
303.94
1410.58
1190.16
1392.0999999999997
1710.72
1483.58
1336.74
1682.6200000000001
2197.33
482.65
1502.0199999999998
290.36
1635.4999999999998
1419.4799999999998
1110.0
1879.09
1797.1400000000003
1960.92
1485.4
1412.13
1875.72
1062.52
1721.5600000000002
1374.9
1356.46
1202.9
1666.1799999999998
494.63
1050.0500000000002
901.3600000000001
879.6500000000001
1798.47
875.3900000000001
1154.7700000000002
1844.58
1522.6
1394.38
221.23
1215.84
1336.74
962.14
1163.1
872.19
1575.87
1707.3800000000003
1843.9699999999998
1434.4199999999998
1739.18
841.2700000000001
1430.04
902.09
1674.09
1547.5
2162.03
1264.53
1608.5500000000002
1447.95
1192.88
1899.69
1737.86
1454.4700000000003
1116.5599999999997
1780.6499999999999
695.66
1515.9900000000002
949.0399999999998
1977.89
1459.63
1183.74
1676.48
1683.49
2214.64
1695.0800000000002
150.34
1569.37
1682.98
1277.2600000000002
969.8499999999999
1656.2800000000002
1584.7300000000002
446.94000000000005
947.72
1798.38
1671.23
1577.01
2014.72
1889.8999999999999
1243.0999999999997
1282.8
1447.39
1635.5
1389.11
648.53
1695.08
1788.75
1430.04
1235.69
1759.97
704.94
499.26
682.22
1829.06
1353.87
